# phi (V)	sigma (uC/cm^2)
-2.000000000000000000e+00 -2.558850288391113281e+01
-1.862068891525268555e+00 -2.378057861328125000e+01
-1.724138021469116211e+00 -2.196047210693359375e+01
-1.586206912994384766e+00 -2.012231254577636719e+01
-1.448275804519653320e+00 -1.827872276306152344e+01
-1.310344815254211426e+00 -1.642730903625488281e+01
-1.172413825988769531e+00 -1.457082366943359375e+01
-1.034482717514038086e+00 -1.271299171447753906e+01
-8.965516686439514160e-01 -1.085843849182128906e+01
-7.586207389831542969e-01 -9.013580322265625000e+00
-6.206896305084228516e-01 -7.187619686126708984e+00
-4.827585816383361816e-01 -5.395334720611572266e+00
-3.448276221752166748e-01 -3.663223028182983398e+00
-2.068965435028076172e-01 -2.045460462570190430e+00
-6.896547973155975342e-02 -6.285027265548706055e-01
6.896547228097915649e-02 6.281532645225524902e-01
2.068965435028076172e-01 2.046382904052734375e+00
3.448276221752166748e-01 3.667438507080078125e+00
4.827585816383361816e-01 5.401610374450683594e+00
6.206896305084228516e-01 7.201032161712646484e+00
7.586207389831542969e-01 9.035885810852050781e+00
8.965516686439514160e-01 1.089213657379150391e+01
1.034482717514038086e+00 1.276101493835449219e+01
1.172413825988769531e+00 1.463659286499023438e+01
1.310344696044921875e+00 1.651469612121582031e+01
1.448275804519653320e+00 1.839190483093261719e+01
1.586206912994384766e+00 2.026555633544921875e+01
1.724138021469116211e+00 2.213594627380371094e+01
1.862068891525268555e+00 2.399748611450195312e+01
2.000000000000000000e+00 2.584927558898925781e+01
